39.95536029954995,-1.043250500450045,40.76544130765077,-0.5932054959495949
39.95536029954995,-0.6832144968496849,40.76544130765077,-0.2331694923492349
40.67543230675067,-1.043250500450045,41.12547731125113,-0.2331694923492349
41.035468310351035,-1.043250500450045,41.57552231575158,-0.2331694923492349
39.95536029954995,-0.3231784932493249,40.85545030855086,0.12686651125112514
39.95536029954995,0.03685751035103513,40.85545030855086,0.48690251485148517
40.76544130765076,-0.3231784932493249,41.57552231575158,0.12686651125112514
40.76544130765076,0.03685751035103513,41.57552231575158,0.48690251485148517
39.95536029954995,0.39689351395139516,40.85545030855086,0.9369475193519352
39.95536029954995,0.8469385184518452,40.85545030855086,1.3869925238523853
39.95536029954995,1.2969835229522952,40.85545030855086,1.6570195265526553
39.95536029954995,1.5670105256525653,40.85545030855086,2.1070645310531053
40.76544130765076,0.39689351395139516,41.57552231575158,0.9369475193519352
40.76544130765076,0.8469385184518452,41.57552231575158,1.3869925238523853
40.76544130765076,1.2969835229522952,41.215486312151214,2.1070645310531053
41.12547731125112,1.2969835229522952,41.57552231575158,2.1070645310531053