10008;7;0;9223372036854775807;0;0;1452027600000;1452891599999;POLYGON ((40.6860868 1.4188541, 40.683565 1.4716656, 40.7323942 1.4863245, 40.7548936 1.4278407, 40.6860868 1.4188541))
14004;7;0;9223372036854775807;0;0;1452027600000;1452891599999;POLYGON ((40.9677833 1.6625102, 40.974305 1.696712, 41.0047775 1.7373634, 41.024784 1.6925247, 41.0156316 1.6858047, 40.9677833 1.6625102))
8004;4;0;9223372036854775807;0;0;1452027600000;1452459599999;POLYGON ((40.1848681 0.4866427, 40.1484357 0.491575, 40.1160144 0.5108674, 40.1494589 0.5348713, 40.1848681 0.4866427))
0;532;0;9223372036854775807;0;0;1452027600000;1452891599999;POLYGON ((40.6860071 -0.998246, 40.0283207 -0.9759937, 40.0101337 -0.895368, 40.0038434 0.0287392, 40.0003648 0.8272275, 40.0041871 1.4048611, 40.0317739 1.923222, 40.0358272 1.9497384, 40.0763932 1.9778353, 40.210003 1.9959879, 40.2898041 1.9996354, 40.4511489 1.9999612, 41.2591532 1.9771682, 41.4541123 1.9389283, 41.491535 1.8268633, 41.4983051 -0.3650961, 41.4745052 -0.6527051, 41.4609064 -0.7317437, 41.3935033 -0.8813531, 41.3329894 -0.9580509, 41.2000573 -0.9974419, 40.6860071 -0.998246))
100008;5;0;9223372036854775807;0;0;1452027600000;1452632399999;POLYGON ((40.1904728 1.5686097, 40.1387361 1.6197051, 40.1836423 1.6408819, 40.1904728 1.5686097))
15001;6;0;9223372036854775807;0;0;1452114000000;1452632399999;POLYGON ((41.2063494 1.7315279, 41.2251641 1.7593914, 41.2449282 1.7619747, 41.2879933 1.7603212, 41.2710652 1.7450914, 41.2063494 1.7315279))
1;5;0;9223372036854775807;0;0;1452114000000;1452805199999;POLYGON ((40.6049395 -0.9752317, 40.5911731 -0.9743768, 40.5839345 -0.9397022, 40.596105 -0.9052093, 40.6130189 -0.9479309, 40.6049395 -0.9752317))
12001;8;0;9223372036854775807;0;0;1452114000000;1452805199999;POLYGON ((41.0954956 0.778213, 41.0669649 0.8533151, 41.1379625 0.9096755, 41.1496571 0.8453221, 41.0954956 0.778213))
3001;4;0;9223372036854775807;0;0;1452027600000;1452459599999;POLYGON ((41.3545573 -0.7893008, 41.3396144 -0.7623428, 41.369347 -0.741862, 41.3836815 -0.7802335, 41.3545573 -0.7893008))
100009;9;0;9223372036854775807;0;0;1452114000000;1452805199999;POLYGON ((40.8414075 0.5627732, 40.8027147 0.5905069, 40.8457678 0.674484, 40.8558052 0.6831707, 40.8949588 0.6726063, 40.8530881 0.5702052, 40.8414075 0.5627732))
9002;5;0;9223372036854775807;0;0;1452200400000;1452891599999;POLYGON ((40.5135147 1.0126401, 40.5253991 1.0604377, 40.5367319 1.0751245, 40.5576544 1.0683786, 40.5135147 1.0126401))
12002;5;0;9223372036854775807;0;0;1452027600000;1452891599999;POLYGON ((41.0057303 0.4998606, 41.0019037 0.5788901, 41.0313648 0.5230224, 41.0249111 0.4999211, 41.0057303 0.4998606))
100010;9;0;9223372036854775807;0;0;1452114000000;1452891599999;POLYGON ((40.5617724 1.2754115, 40.5238736 1.2997836, 40.4911746 1.3214345, 40.4701178 1.3747202, 40.5284914 1.4147579, 40.5617724 1.2754115))
3002;7;0;9223372036854775807;0;0;1452027600000;1452891599999;POLYGON ((41.2205642 -0.4024316, 41.1815924 -0.3939168, 41.1649475 -0.3527307, 41.153384 -0.2993122, 41.2465418 -0.3856642, 41.2205642 -0.4024316))
14006;4;0;9223372036854775807;0;0;1452200400000;1452632399999;POLYGON ((40.8095523 1.4698426, 40.8425828 1.5000371, 40.8482758 1.5014525, 40.8581698 1.4781756, 40.8095523 1.4698426))
6002;26;0;9223372036854775807;0;0;1452027600000;1452891599999;POLYGON ((41.2206019 -0.2989213, 41.1738242 -0.2384828, 41.1552323 -0.2004349, 41.1341337 -0.143037, 41.1434472 -0.0510622, 41.1694237 -0.017939, 41.3104655 -0.0346919, 41.3156924 -0.0680772, 41.3083982 -0.1205054, 41.2966979 -0.1739566, 41.2206019 -0.2989213))
2;6;0;9223372036854775807;0;0;1452027600000;1452891599999;POLYGON ((40.1858132 -0.7136182, 40.1688641 -0.7100574, 40.1305181 -0.685867, 40.1965584 -0.642957, 40.214161 -0.6771163, 40.1858132 -0.7136182))
9003;6;0;9223372036854775807;0;0;1452027600000;1452805199999;POLYGON ((40.2944958 0.8580954, 40.2807005 0.9045958, 40.3382288 0.9882136, 40.3316961 0.9410139, 40.2944958 0.8580954))
12003;10;0;9223372036854775807;0;0;1452114000000;1452718799999;POLYGON ((41.3057947 0.4618282, 41.1507356 0.5496769, 41.2514702 0.5454473, 41.311803 0.4902252, 41.3231914 0.4651417, 41.3057947 0.4618282))
14007;4;0;9223372036854775807;0;0;1452027600000;1452718799999;POLYGON ((40.9206143 1.4107772, 40.9062924 1.4676384, 40.9379967 1.4783763, 40.9310522 1.4512933, 40.9206143 1.4107772))
100011;5;0;9223372036854775807;0;0;1452114000000;1452632399999;POLYGON ((41.0573224 1.3433434, 41.0190685 1.352641, 41.0980837 1.4027902, 41.0830363 1.3738002, 41.0573224 1.3433434))
3003;4;0;9223372036854775807;0;0;1452114000000;1452718799999;POLYGON ((41.4727315 -0.8547033, 41.4344074 -0.8121473, 41.4422032 -0.7906083, 41.4754251 -0.830842, 41.4727315 -0.8547033))
3004;6;0;9223372036854775807;0;0;1452027600000;1452718799999;POLYGON ((41.2606391 -0.669463, 41.2586946 -0.6096463, 41.274225 -0.5509617, 41.3057545 -0.6041827, 41.2606391 -0.669463))
4;4;0;9223372036854775807;0;0;1452114000000;1452632399999;POLYGON ((40.6782637 -0.7155068, 40.6724644 -0.7026809, 40.7342771 -0.6763132, 40.6996783 -0.7041109, 40.6782637 -0.7155068))
15004;4;0;9223372036854775807;0;0;1452027600000;1452891599999;POLYGON ((41.2786752 1.8924987, 41.2187562 1.9076948, 41.2124249 1.9165101, 41.2533677 1.9017649, 41.2786752 1.8924987))
100012;13;0;9223372036854775807;0;0;1452027600000;1452891599999;POLYGON ((40.4409843 0.251322, 40.4319365 0.2709985, 40.4010862 0.4367481, 40.4214604 0.4819148, 40.442781 0.5080047, 40.5072819 0.3348615, 40.4409843 0.251322))
6004;4;0;9223372036854775807;0;0;1452027600000;1452632399999;POLYGON ((40.984432 -0.2024767, 40.99814 -0.1555255, 41.0277264 -0.1653966, 40.984432 -0.2024767))
9004;5;0;9223372036854775807;0;0;1452027600000;1452718799999;POLYGON ((40.1823474 0.9309871, 40.1642014 1.0480543, 40.211956 1.0090393, 40.1823474 0.9309871))
3005;6;0;9223372036854775807;0;0;1452114000000;1452891599999;POLYGON ((41.4658273 -0.9977267, 41.4221309 -0.960907, 41.4209984 -0.9538525, 41.4310853 -0.9391879, 41.4422586 -0.9411127, 41.4658273 -0.9977267))
15005;6;0;9223372036854775807;0;0;1452027600000;1452718799999;POLYGON ((41.353116 1.8659533, 41.3416945 1.9019763, 41.3160385 1.9850542, 41.3395895 1.9475579, 41.3510196 1.9159519, 41.353116 1.8659533))
100013;4;0;9223372036854775807;0;0;1452200400000;1452718799999;POLYGON ((41.1523253 1.7606492, 41.1395598 1.7925685, 41.1884043 1.8458177, 41.1745155 1.7987591, 41.1523253 1.7606492))
4001;4;0;9223372036854775807;0;0;1452114000000;1452632399999;POLYGON ((40.370123 -0.1109803, 40.3608506 -0.0872195, 40.3710188 -0.0786398, 40.381263 -0.082776, 40.370123 -0.1109803))
12005;5;0;9223372036854775807;0;0;1452027600000;1452718799999;POLYGON ((41.2914027 0.6691001, 41.2759516 0.7450926, 41.3285401 0.7450799, 41.2914027 0.6691001))
100001;5;0;9223372036854775807;0;0;1452027600000;1452805199999;POLYGON ((40.5237366 -0.6509282, 40.5055163 -0.6266804, 40.4948748 -0.5541495, 40.5237366 -0.6509282))
7001;4;0;9223372036854775807;0;0;1452027600000;1452632399999;POLYGON ((41.2325991 0.174296, 41.2666829 0.1976774, 41.2722383 0.1832135, 41.26508 0.1755324, 41.2325991 0.174296))
1002;10;0;9223372036854775807;0;0;1452027600000;1452891599999;POLYGON ((40.4849292 -0.496323, 40.4593688 -0.489805, 40.4352599 -0.4647379, 40.3804225 -0.3796251, 40.3927089 -0.2972885, 40.4849292 -0.496323))
3006;4;0;9223372036854775807;0;0;1452027600000;1452632399999;POLYGON ((41.2797428 -0.3259269, 41.2680669 -0.32292, 41.3015444 -0.2851564, 41.3363151 -0.2631641, 41.2797428 -0.3259269))
9006;4;0;9223372036854775807;0;0;1452114000000;1452718799999;POLYGON ((40.6822468 0.8822298, 40.6635411 0.8842254, 40.7004915 0.9537739, 40.702127 0.895566, 40.6822468 0.8822298))
12006;5;0;9223372036854775807;0;0;1452200400000;1452805199999;POLYGON ((40.9024502 0.710035, 40.9048512 0.7792584, 40.9632774 0.7566707, 40.9024502 0.710035))
100002;7;0;9223372036854775807;0;0;1452114000000;1452891599999;POLYGON ((40.3296444 1.3159707, 40.2982513 1.3249898, 40.3145174 1.3815953, 40.3547403 1.3955833, 40.3735861 1.3352961, 40.3296444 1.3159707))
13002;6;0;9223372036854775807;0;0;1452114000000;1452891599999;POLYGON ((41.1913863 1.1082328, 41.1097731 1.1703586, 41.1416425 1.2219922, 41.2034811 1.1796829, 41.1913863 1.1082328))
4002;7;0;9223372036854775807;0;0;1452027600000;1452805199999;POLYGON ((40.6300959 -0.1539833, 40.60044 -0.0352541, 40.6424905 -0.0391908, 40.6499731 -0.0420119, 40.6612997 -0.1183674, 40.6300959 -0.1539833))
100014;9;0;9223372036854775807;0;0;1452114000000;1452718799999;POLYGON ((40.1397729 1.4673225, 40.0683702 1.5629677, 40.0649503 1.6178315, 40.0653004 1.6226964, 40.0903557 1.6175453, 40.1218708 1.5826953, 40.1561246 1.4896696, 40.1397729 1.4673225))
7002;8;0;9223372036854775807;0;0;1452027600000;1452805199999;POLYGON ((41.0912829 0.127348, 41.019898 0.1857438, 41.0524622 0.2033858, 41.1018024 0.2267898, 41.1440154 0.2246288, 41.0912829 0.127348))
100003;6;0;9223372036854775807;0;0;1452027600000;1452805199999;POLYGON ((40.5513641 1.5747899, 40.5291161 1.6819459, 40.5486767 1.6895656, 40.5610133 1.6486075, 40.5656035 1.6074255, 40.5513641 1.5747899))
4003;4;0;9223372036854775807;0;0;1452027600000;1452545999999;POLYGON ((40.110798 0.0176951, 40.0509859 0.0221864, 40.0594164 0.0584369, 40.110798 0.0176951))
1003;5;0;9223372036854775807;0;0;1452027600000;1452718799999;POLYGON ((40.1922954 -0.4584173, 40.1325496 -0.4267801, 40.1366704 -0.4094909, 40.1745029 -0.4078797, 40.1922954 -0.4584173))
100015;5;0;9223372036854775807;0;0;1452027600000;1452718799999;POLYGON ((41.4737368 0.0492969, 41.4121331 0.0933455, 41.457125 0.0906862, 41.4737368 0.0492969))
13003;6;0;9223372036854775807;0;0;1452027600000;1452805199999;POLYGON ((41.0215026 0.9146197, 40.9910203 0.9235297, 40.9632806 1.0013017, 41.0079908 0.9976717, 41.0202382 0.9430315, 41.0215026 0.9146197))
13004;4;0;9223372036854775807;0;0;1452027600000;1452891599999;POLYGON ((41.4034175 0.9053294, 41.3521537 0.9213783, 41.3790527 1.0024714, 41.4034175 0.9053294))
100004;7;0;9223372036854775807;0;0;1452114000000;1452805199999;POLYGON ((40.2608401 -0.361777, 40.2307899 -0.3409564, 40.220234 -0.2575349, 40.2190765 -0.2235877, 40.2448538 -0.3003751, 40.2608401 -0.361777))
10004;7;0;9223372036854775807;0;0;1452114000000;1452805199999;POLYGON ((40.2014301 1.3552886, 40.1739399 1.4289964, 40.1979934 1.4517981, 40.2388577 1.4583098, 40.2014301 1.3552886))
1005;8;0;9223372036854775807;0;0;1452027600000;1452805199999;POLYGON ((40.2678225 -0.551627, 40.2446982 -0.4609175, 40.3364428 -0.5042632, 40.3782066 -0.5334522, 40.358349 -0.5440573, 40.2678225 -0.551627))
5001;10;0;9223372036854775807;0;0;1452027600000;1452805199999;POLYGON ((40.248984 0.0743499, 40.2143765 0.1047213, 40.2235521 0.238157, 40.2707823 0.197875, 40.248984 0.0743499))
13005;5;0;9223372036854775807;0;0;1452027600000;1452632399999;POLYGON ((41.2749051 1.213098, 41.2452786 1.2469096, 41.2237139 1.3081792, 41.2570597 1.276453, 41.2749051 1.213098))
2001;19;0;9223372036854775807;0;0;1452027600000;1452805199999;POLYGON ((40.9415316 -0.6139343, 40.9024758 -0.4375465, 40.9681198 -0.2603738, 40.9949942 -0.2936829, 41.0222343 -0.3354605, 41.0139746 -0.4158011, 40.9704008 -0.5845759, 40.9415316 -0.6139343))
7005;5;0;9223372036854775807;0;0;1452027600000;1452805199999;POLYGON ((41.2980551 0.2529695, 41.2862688 0.2849325, 41.286827 0.3008017, 41.3024244 0.3354024, 41.3298549 0.2678364, 41.2980551 0.2529695))
100005;16;0;9223372036854775807;0;0;1452114000000;1452805199999;POLYGON ((41.1788886 1.4215909, 41.0113488 1.4530245, 41.0277561 1.55097, 41.039751 1.5594491, 41.1063365 1.5765467, 41.2441703 1.4473897, 41.1788886 1.4215909))
10005;4;0;9223372036854775807;0;0;1452200400000;1452718799999;POLYGON ((40.2482641 1.3113522, 40.2541764 1.4008469, 40.2601079 1.3715774, 40.2482641 1.3113522))
4005;6;0;9223372036854775807;0;0;1452027600000;1452805199999;POLYGON ((40.2203868 -0.093353, 40.1655102 -0.0332921, 40.2280912 -0.0266049, 40.2203868 -0.093353))
8001;7;0;9223372036854775807;0;0;1452027600000;1452805199999;POLYGON ((40.7123147 0.5315504, 40.6548052 0.6411588, 40.6839063 0.6583867, 40.7329846 0.6258521, 40.7123147 0.5315504))
13006;4;0;9223372036854775807;0;0;1452114000000;1452805199999;POLYGON ((41.2800174 0.9904329, 41.23237 0.996745, 41.2559778 1.0408753, 41.2714763 1.0453126, 41.2800174 0.9904329))
7006;9;0;9223372036854775807;0;0;1452027600000;1452891599999;POLYGON ((41.3813838 0.1078761, 41.3627355 0.1428744, 41.3571883 0.1936806, 41.4020292 0.2268835, 41.4354825 0.1590603, 41.4380368 0.1526136, 41.3813838 0.1078761))
11002;6;0;9223372036854775807;0;0;1452027600000;1452805199999;POLYGON ((40.6432037 1.6846353, 40.6148723 1.6983294, 40.6159231 1.7268104, 40.6262617 1.7690648, 40.6831061 1.7083357, 40.6432037 1.6846353))
100006;17;0;9223372036854775807;0;0;1452027600000;1452891599999;POLYGON ((40.6198332 -0.6037762, 40.610769 -0.5362163, 40.6054232 -0.4951749, 40.6174785 -0.4749523, 40.679335 -0.4182371, 40.7553751 -0.4286663, 40.720756 -0.515535, 40.655363 -0.58264, 40.6198332 -0.6037762))
14003;4;0;9223372036854775807;0;0;1452027600000;1452805199999;POLYGON ((41.0223466 1.975804, 40.9784203 1.9764823, 40.9934198 1.9988857, 41.0157942 1.9818565, 41.0223466 1.975804))
8003;4;0;9223372036854775807;0;0;1452027600000;1452718799999;POLYGON ((40.0919867 0.6181181, 40.0754354 0.6264853, 40.0518145 0.6698464, 40.0919867 0.6181181))
7007;6;0;9223372036854775807;0;0;1452027600000;1452718799999;POLYGON ((40.8797371 0.292407, 40.85215 0.3740606, 40.9176833 0.37414, 40.9153133 0.3211925, 40.8797371 0.292407))
100007;8;0;9223372036854775807;0;0;1452200400000;1452805199999;POLYGON ((41.0208511 0.0242914, 41.0038819 0.0310879, 40.9661467 0.0679137, 41.0418399 0.0736046, 41.0752218 0.042798, 41.0208511 0.0242914))
11003;6;0;9223372036854775807;0;0;1452114000000;1452805199999;POLYGON ((40.4613883 1.7493928, 40.4325442 1.7931053, 40.4914883 1.8002371, 40.5273743 1.7886296, 40.4863041 1.7559618, 40.4613883 1.7493928))
1007;4;0;9223372036854775807;0;0;1452027600000;1452632399999;POLYGON ((40.1324707 -0.5583584, 40.1516968 -0.5080384, 40.182504 -0.5158382, 40.1324707 -0.5583584))
